Cities,AlphaCentauri,Arbre,Faerun,Norrath,Snowdin,Straylight,Tambi,Tristram,Total
AlphaCentauri,0,74,44,147,4,133,79,34,515,
Arbre,74,0,144,135,7,127,40,132,659,
Faerun,44,144,0,11,95,66,68,108,536,
Norrath,147,135,11,0,48,115,134,111,701,
Snowdin,4,7,95,48,0,88,105,100,447,
Straylight,133,127,66,115,88,0,107,89,725,
Tambi,79,40,68,134,105,107,0,63,596,
Tristram,34,132,108,111,100,89,63,0,637,
